30336
89563
30463
58392
1680
59889
5213
92841
47274
1185
15033
9447
25503
90257
21096
91496
67358
54811
89119
60584
53107
49406
74329
44185
32284
65129
17437
16440
51360
93359
64332
52668
41720
34187
61981
64344
46627
64015
61191
78138
6302
52278
36857
9504
99935
89443
67087
77167
76327
84452
33465
32874
21707
48147
84453
62906
33298
82696
19879
18879
85914
27288
60787
50788
73927
29605
884
49054
13225
1055
71960
73038
65913
58227
53567
1517
3823
15524
11069
4255
81138
83898
85310
38657
78471
57253
58034
17526
8279
52475
32595
98031
31715
66198
63490
29890
37277
47375
80156
75038
